200
0 10000
14000 15000
3000 7000
20000 21000
7000 3000
3000 4000
10000 0
16000 17000
6000 7000
6000 4000
0 10000
14000 15000
3000 7000
20000 21000
7000 3000
3000 4000
10000 0
16000 17000
6000 7000
6000 4000
0 10000
14000 15000
3000 7000
20000 21000
7000 3000
3000 4000
10000 0
16000 17000
6000 7000
6000 4000
0 10000
14000 15000
3000 7000
20000 21000
7000 3000
3000 4000
10000 0
16000 17000
6000 7000
6000 4000
0 10000
14000 15000
3000 7000
20000 21000
7000 3000
3000 4000
10000 0
16000 17000
6000 7000
6000 4000
0 10000
14000 15000
3000 7000
20000 21000
7000 3000
3000 4000
10000 0
16000 17000
6000 7000
6000 4000
0 10000
14000 15000
3000 7000
20000 21000
7000 3000
3000 4000
10000 0
16000 17000
6000 7000
6000 4000
0 10000
14000 15000
3000 7000
20000 21000
7000 3000
3000 4000
10000 0
16000 17000
6000 7000
6000 4000
0 10000
14000 15000
3000 7000
20000 21000
7000 3000
3000 4000
10000 0
16000 17000
6000 7000
6000 4000
0 10000
14000 15000
3000 7000
20000 21000
7000 3000
3000 4000
10000 0
16000 17000
6000 7000
6000 4000
0 10000
14000 15000
3000 7000
20000 21000
7000 3000
3000 4000
10000 0
16000 17000
6000 7000
6000 4000
0 10000
14000 15000
3000 7000
20000 21000
7000 3000
3000 4000
10000 0
16000 17000
6000 7000
6000 4000
0 10000
14000 15000
3000 7000
20000 21000
7000 3000
3000 4000
10000 0
16000 17000
6000 7000
6000 4000
0 10000
14000 15000
3000 7000
20000 21000
7000 3000
3000 4000
10000 0
16000 17000
6000 7000
6000 4000
0 10000
14000 15000
3000 7000
20000 21000
7000 3000
3000 4000
10000 0
16000 17000
6000 7000
6000 4000
0 10000
14000 15000
3000 7000
20000 21000
7000 3000
3000 4000
10000 0
16000 17000
6000 7000
6000 4000
0 10000
14000 15000
3000 7000
20000 21000
7000 3000
3000 4000
10000 0
16000 17000
6000 7000
6000 4000
0 10000
14000 15000
3000 7000
20000 21000
7000 3000
3000 4000
10000 0
16000 17000
6000 7000
6000 4000
0 10000
14000 15000
3000 7000
20000 21000
7000 3000
3000 4000
10000 0
16000 17000
6000 7000
6000 4000
0 10000
14000 15000
3000 7000
20000 21000
7000 3000
3000 4000
10000 0
16000 17000
6000 7000
6000 4000
